0 0 0 0 0.00125126 0.808741 0.350291 
0 0 1 0 0.746605 0.710501 0.0149846 
0 0 2 0 0.147313 0.445692 0.0089114 
0 0 3 0 0.571184 0.166234 0.352123 
0 0 4 0 0.783319 0.30195 0.955901 
0 0 5 0 0.142338 0.862239 0.843654 
0 0 6 0 0.611499 0.297281 0.375866 
0 0 7 0 0.0562151 0.275887 0.691183 
0 0 8 0 0.484939 0.468459 0.744438 
0 0 9 0 0.385235 0.572405 0.225105 
0 1 0 0 0.517106 0.345561 0.491897 
0 1 1 0 0.504807 0.141575 0.303049 
0 1 2 0 0.966613 0.877255 0.191351 
0 1 3 0 0.475265 0.732017 0.568743 
0 1 4 0 0.721915 0.367809 0.517014 
0 1 5 0 0.104678 0.549547 0.374981 
0 1 6 0 0.456099 0.2978 0.19599 
0 1 7 0 0.397656 0.0274667 0.0505081 
0 1 8 0 0.843043 0.197851 0.109928 
0 1 9 0 0.941069 0.140263 0.707999 
0 2 0 0 0.252724 0.0610065 0.210578 
0 2 1 0 0.0142521 0.75222 0.0738853 
0 2 2 0 0.696219 0.232429 0.628681 
0 2 3 0 0.963042 0.189947 0.995178 
0 2 4 0 0.0975066 0.437727 0.89462 
0 2 5 0 0.769066 0.628071 0.466353 
0 2 6 0 0.854793 0.720908 0.184271 
0 2 7 0 0.905087 0.604724 0.351299 
0 2 8 0 0.740745 0.691122 0.576037 
0 2 9 0 0.614704 0.667776 0.569201 
0 3 0 0 0.108554 0.744316 0.0793481 
0 3 1 0 0.820002 0.408979 0.501205 
0 3 2 0 0.737999 0.959075 0.300058 
0 3 3 0 0.0657369 0.609638 0.875637 
0 3 4 0 0.104801 0.290292 0.662801 
0 3 5 0 0.379131 0.509262 0.532151 
0 3 6 0 0.00589007 0.623066 0.747337 
0 3 7 0 0.785363 0.955718 0.374248 
0 3 8 0 0.95172 0.329844 0.131626 
0 3 9 0 0.596881 0.0146794 0.617145 
0 4 0 0 0.16892 0.319407 0.802393 
0 4 1 0 0.611103 0.14481 0.2537 
0 4 2 0 0.0661641 0.302286 0.31135 
0 4 3 0 0.134709 0.89523 0.615223 
0 4 4 0 0.228492 0.24955 0.0538041 
0 4 5 0 0.426801 0.891537 0.125095 
0 4 6 0 0.0470901 0.914701 0.946165 
0 4 7 0 0.842097 0.259163 0.954802 
0 4 8 0 0.585559 0.94528 0.00717185 
0 4 9 0 0.786157 0.222327 0.41792 
0 5 0 0 0.855098 0.662069 0.530137 
0 5 1 0 0.689505 0.0310678 0.706565 
0 5 2 0 0.947905 0.145177 0.292245 
0 5 3 0 0.69454 0.240547 0.106418 
0 5 4 0 0.0801111 0.974395 0.210639 
0 5 5 0 0.750633 0.311136 0.252083 
0 5 6 0 0.153508 0.939085 0.645558 
0 5 7 0 0.455458 0.150761 0.42204 
0 5 8 0 0.57857 0.396954 0.795251 
0 5 9 0 0.389416 0.197668 0.454329 
0 6 0 0 0.441298 0.835719 0.949461 
0 6 1 0 0.987457 0.57445 0.708518 
0 6 2 0 0.260201 0.710196 0.393567 
0 6 3 0 0.308603 0.353557 0.736381 
0 6 4 0 0.200171 0.91113 0.109378 
0 6 5 0 0.51796 0.687643 0.0757775 
0 6 6 0 0.30723 0.394848 0.724937 
0 6 7 0 0.615711 0.0983001 0.974578 
0 6 8 0 0.727866 0.692801 0.0499588 
0 6 9 0 0.0608234 0.21247 0.00915555 
0 7 0 0 0.605945 0.349803 0.62331 
0 7 1 0 0.562853 0.306406 0.612568 
0 7 2 0 0.0310373 0.936766 0.611591 
0 7 3 0 0.582598 0.793176 0.589434 
0 7 4 0 0.67275 0.267312 0.77102 
0 7 5 0 0.116855 0.893948 0.902005 
0 7 6 0 0.197363 0.953398 0.628712 
0 7 7 0 0.264992 0.78811 0.480941 
0 7 8 0 0.855342 0.573321 0.19187 
0 7 9 0 0.0153508 0.174139 0.676626 
0 8 0 0 0.371227 0.638234 0.971038 
0 8 1 0 0.769219 0.00924711 0.343242 
0 8 2 0 0.0906705 0.337992 0.535478 
0 8 3 0 0.465773 0.863338 0.565813 
0 8 4 0 0.864223 0.864376 0.828639 
0 8 5 0 0.908322 0.440168 0.823054 
0 8 6 0 0.000854518 0.0637226 0.683889 
0 8 7 0 0.142857 0.0185553 0.0536515 
0 8 8 0 0.431715 0.391949 0.0228278 
0 8 9 0 0.634266 0.463424 0.782159 
0 9 0 0 0.60802 0.755821 0.711631 
0 9 1 0 0.641652 0.688162 0.290384 
0 9 2 0 0.246437 0.952055 0.623371 
0 9 3 0 0.745537 0.629475 0.918394 
0 9 4 0 0.449721 0.182928 0.730491 
0 9 5 0 0.0413526 0.556352 0.0613727 
0 9 6 0 0.600909 0.660237 0.653584 
0 9 7 0 0.221625 0.497543 0.435072 
0 9 8 0 0.375896 0.733299 0.650594 
0 9 9 0 0.737175 0.363262 0.821223 
0.1 0 0 0 0.869442 0.416669 0.164861 
0.1 0 1 0 0.591113 0.580096 0.915647 
0.1 0 2 0 0.808863 0.772515 0.388256 
0.1 0 3 0 0.195624 0.381726 0.198157 
0.1 0 4 0 0.76104 0.448622 0.461348 
0.1 0 5 0 0.238502 0.922025 0.0596332 
0.1 0 6 0 0.747215 0.909909 0.552843 
0.1 0 7 1 0.790368 0.731742 0.875546 
0.1 0 8 1 0.39494 0.651967 0.756188 
0.1 0 9 1 0.0575274 0.345866 0.436262 
0.1 1 0 1 0.295297 0.0792871 0.14301 
0.1 1 1 1 0.373821 0.814203 0.256508 
0.1 1 2 1 0.229377 0.887692 0.0408948 
0.1 1 3 1 0.355907 0.894467 0.911679 
0.1 1 4 1 0.999329 0.840205 0.284371 
0.1 1 5 2 0.741813 0.645039 0.818171 
0.1 1 6 2 0.375072 0.889676 0.448866 
0.1 1 7 2 0.41847 0.501694 0.906522 
0.1 1 8 2 0.771172 0.806391 0.538926 
0.1 1 9 3 0.64687 0.371044 0.561296 
0.1 2 0 3 0.324931 0.940184 0.893948 
0.1 2 1 3 0.634754 0.423658 0.139622 
0.1 2 2 3 0.681661 0.607227 0.818384 
0.1 2 3 3 0.516526 0.748314 0.462264 
0.1 2 4 3 0.63097 0.969085 0.265938 
0.1 2 5 3 0.597217 0.460067 0.0144963 
0.1 2 6 4 0.403882 0.288827 0.432173 
0.1 2 7 4 0.533128 0.8652 0.332957 
0.1 2 8 4 0.559618 0.233039 0.96411 
0.1 2 9 4 0.0764489 0.498581 0.30427 
0.1 3 0 4 0.588427 0.560717 0.301401 
0.1 3 1 4 0.231086 0.890347 0.995239 
0.1 3 2 4 0.256935 0.231483 0.0492874 
0.1 3 3 4 0.279733 0.412275 0.292154 
0.1 3 4 5 0.951323 0.794427 0.870083 
0.1 3 5 6 0.267922 0.127628 0.175909 
0.1 3 6 6 0.454787 0.0144658 0.797205 
0.1 3 7 6 0.298746 0.842128 0.023011 
0.1 3 8 6 0.356212 0.180425 0.744896 
0.1 3 9 6 0.52562 0.158818 0.0292367 
0.1 4 0 6 0.249214 0.539933 0.932524 
0.1 4 1 6 0.153233 0.895138 0.822413 
0.1 4 2 6 0.671957 0.949461 0.594806 
0.1 4 3 6 0.197943 0.355327 0.691794 
0.1 4 4 6 0.982574 0.235817 0.326456 
0.1 4 5 6 0.336528 0.29017 0.739677 
0.1 4 6 6 0.686697 0.0644246 0.341563 
0.1 4 7 6 0.0207831 0.540574 0.777367 
0.1 4 8 6 0.759941 0.423505 0.438368 
0.1 4 9 6 0.269265 0.982055 0.0710166 
0.1 5 0 6 0.860073 0.289529 0.17246 
0.1 5 1 7 0.300913 0.0836818 0.217536 
0.1 5 2 7 0.632282 0.758843 0.28251 
0.1 5 3 7 0.567583 0.795404 0.618854 
0.1 5 4 7 0.19425 0.0422987 0.406812 
0.1 5 5 7 0.900052 0.206488 0.353984 
0.1 5 6 7 0.976043 0.346965 0.201666 
0.1 5 7 7 0.531999 0.0996124 0.843806 
0.1 5 8 7 0.005768 0.935331 0.74691 
0.1 5 9 7 0.830103 0.784234 0.689047 
0.1 6 0 7 0.101932 0.687429 0.228645 
0.1 6 1 7 0.763298 0.0561541 0.565477 
0.1 6 2 8 0.878658 0.413495 0.945189 
0.1 6 3 8 0.61626 0.421949 0.200873 
0.1 6 4 8 0.623127 0.105258 0.316782 
0.1 6 5 8 0.311533 0.469069 0.36848 
0.1 6 6 8 0.580432 0.393384 0.418592 
0.1 6 7 8 0.0836512 0.087344 0.629139 
0.1 6 8 8 0.614521 0.824976 0.220954 
0.1 6 9 8 0.264595 0.770562 0.369427 
0.1 7 0 8 0.222663 0.310617 0.841609 
0.1 7 1 9 0.724174 0.0817286 0.637806 
0.1 7 2 9 0.0943937 0.34312 0.310312 
0.1 7 3 9 0.182287 0.17246 0.501907 
0.1 7 4 9 0.446455 0.481918 0.248604 
0.1 7 5 9 0.299539 0.629902 0.260964 
0.1 7 6 9 0.859462 0.256172 0.0935392 
0.1 7 7 9 0.282632 0.515091 0.974975 
0.1 7 8 9 0.914792 0.187658 0.677938 
0.1 7 9 9 0.837184 0.870449 0.538377 
0.1 8 0 9 0.204627 0.19953 0.738792 
0.1 8 1 9 0.786126 0.844325 0.0618915 
0.1 8 2 10 0.892758 0.381573 0.887539 
0.1 8 3 11 0.674642 0.527848 0.74633 
0.1 8 4 11 0.559038 0.0541398 0.36848 
0.1 8 5 11 0.324564 0.248817 0.875271 
0.1 8 6 11 0.196844 0.433332 0.174444 
0.1 8 7 11 0.709403 0.0473037 0.130833 
0.1 8 8 11 0.568957 0.0771813 0.411267 
0.1 8 9 11 0.820643 0.987945 0.284433 
0.1 9 0 0 0.294748 0.811121 0.829218 
0.1 9 1 1 0.509568 0.473922 0.548845 
0.1 9 2 1 0.659719 0.11243 0.791284 
0.1 9 3 1 0.744346 0.442091 0.632038 
0.1 9 4 1 0.836665 0.109256 0.255959 
0.1 9 5 1 0.442732 0.856777 0.923826 
0.1 9 6 1 0.606861 0.537248 0.237068 
0.1 9 7 1 0.152593 0.916715 0.40556 
0.1 9 8 1 0.399579 0.32841 0.289956 
0.1 9 9 1 0.478072 0.460341 0.9223 
0.2 0 0 1 0.148686 0.102023 0.490738 
0.2 0 1 1 0.4185 0.830592 0.520035 
0.2 0 2 2 0.7257 0.81341 0.743583 
0.2 0 3 3 0.818964 0.563219 0.757103 
0.2 0 4 3 0.170965 0.318613 0.698416 
0.2 0 5 3 0.056032 0.320688 0.368542 
0.2 0 6 3 0.236213 0.756035 0.712149 
0.2 0 7 3 0.0215766 0.126377 0.523942 
0.2 0 8 3 0.495163 0.553484 0.764275 
0.2 0 9 3 0.546953 0.794031 0.296457 
0.2 1 0 3 0.101779 0.668203 0.670766 
0.2 1 1 3 0.756584 0.111454 0.977477 
0.2 1 2 4 0.801202 0.48262 0.947996 
0.2 1 3 5 0.575701 0.45793 0.655751 
0.2 1 4 5 0.650746 0.732139 0.893307 
0.2 1 5 5 0.868862 0.731071 0.152776 
0.2 1 6 5 0.716788 0.0637226 0.488083 
0.2 1 7 5 0.578784 0.360332 0.095645 
0.2 1 8 5 0.39668 0.433912 0.224982 
0.2 1 9 6 0.893094 0.411695 0.739372 
0.2 2 0 7 0.603381 0.682485 0.531663 
0.2 2 1 7 0.0151067 0.970855 0.245827 
0.2 2 2 7 0.466292 0.386181 0.739921 
0.2 2 3 8 0.680258 0.750877 0.612751 
0.2 2 4 8 0.0711081 0.628498 0.152196 
0.2 2 5 8 0.262947 0.834315 0.448531 
0.2 2 6 8 0.708762 0.74691 0.314127 
0.2 2 7 9 0.291787 0.249763 0.430891 
0.2 2 8 10 0.753319 0.55797 0.736259 
0.2 2 9 11 0.550188 0.327677 0.695669 
0.2 3 0 0 0.268349 0.139775 0.646504 
0.2 3 1 1 0.817591 0.102268 0.701132 
0.2 3 2 2 0.37199 0.0988495 0.520737 
0.2 3 3 2 0.824152 0.0517289 0.427198 
0.2 3 4 3 0.900754 0.482986 0.757714 
0.2 3 5 3 0.273995 0.82226 0.224281 
0.2 3 6 4 0.62569 0.254707 0.561937 
0.2 3 7 4 0.967132 0.888882 0.347362 
0.2 3 8 4 0.814997 0.632405 0.499283 
0.2 3 9 4 0.23838 0.989563 0.321726 
0.2 4 0 5 0.930876 0.763665 0.91702 
0.2 4 1 5 0.263558 0.258065 0.914396 
0.2 4 2 5 0.322153 0.245491 0.103397 
0.2 4 3 5 0.375958 0.896725 0.752037 
0.2 4 4 5 0.547929 0.0688803 0.320139 
0.2 4 5 6 0.525925 0.598498 0.660451 
0.2 4 6 6 0.0717795 0.772179 0.305246 
0.2 4 7 6 0.51561 0.377239 0.723258 
0.2 4 8 7 0.123356 0.0563677 0.133671 
0.2 4 9 7 0.784631 0.612598 0.998047 
0.2 5 0 7 0.157292 0.978851 0.0684835 
0.2 5 1 7 0.43086 0.596698 0.907346 
0.2 5 2 7 0.179113 0.216773 0.856136 
0.2 5 3 7 0.948759 0.300607 0.668691 
0.2 5 4 7 0.872219 0.911771 0.446028 
0.2 5 5 8 0.982055 0.0879849 0.862514 
0.2 5 6 8 0.580523 0.387158 0.967956 
0.2 5 7 9 0.343852 0.317057 0.490768 
0.2 5 8 9 0.397595 0.706565 0.60622 
0.2 5 9 10 0.776025 0.812098 0.770165 
0.2 6 0 0 0.513932 0.729179 0.396527 
0.2 6 1 1 0.532884 0.680776 0.562243 
0.2 6 2 1 0.202643 0.149022 0.55681 
0.2 6 3 2 0.999939 0.525193 0.892666 
0.2 6 4 2 0.00534074 0.099826 0.381603 
0.2 6 5 2 0.326548 0.369823 0.574602 
0.2 6 6 3 0.439405 0.394757 0.597156 
0.2 6 7 4 0.584765 0.234077 0.657826 
0.2 6 8 4 0.51149 0.470992 0.0221564 
0.2 6 9 4 0.389386 0.832331 0.394696 
0.2 7 0 4 0.112613 0.752831 0.0301828 
0.2 7 1 4 0.355449 0.0204169 0.776666 
0.2 7 2 4 0.614124 0.554033 0.286416 
0.2 7 3 4 0.347697 0.944639 0.570208 
0.2 7 4 4 0.30665 0.940306 0.165624 
0.2 7 5 5 0.323466 0.0154424 0.300851 
0.2 7 6 5 0.349345 0.285775 0.765679 
0.2 7 7 6 0.806055 0.44789 0.915128 
0.2 7 8 6 0.249855 0.713828 0.145116 
0.2 7 9 6 0.778283 0.806421 0.0253914 
0.2 8 0 6 0.202826 0.332133 0.954009 
0.2 8 1 6 0.177648 0.394513 0.83166 
0.2 8 2 7 0.498489 0.284127 0.621235 
0.2 8 3 8 0.33372 0.0556963 0.143803 
0.2 8 4 9 0.302286 0.265267 0.334056 
0.2 8 5 9 0.735954 0.63567 0.524888 
0.2 8 6 9 0.0206 0.420331 0.820856 
0.2 8 7 10 0.586047 0.61446 0.560991 
0.2 8 8 10 0.838588 0.571337 0.0511795 
0.2 8 9 11 0.792901 0.880825 0.765862 
0.2 9 0 0 0.461959 0.649556 0.0250557 
0.2 9 1 0 0.539201 0.911191 0.77102 
0.2 9 2 0 0.246345 0.143895 0.456465 
0.2 9 3 1 0.410535 0.361003 0.360057 
0.2 9 4 1 0.374584 0.458937 0.995788 
0.2 9 5 1 0.454054 0.897244 0.70513 
0.2 9 6 2 0.176 0.420667 0.300119 
0.2 9 7 2 0.551927 0.626911 0.977142 
0.2 9 8 2 0.689627 0.905454 0.381268 
0.2 9 9 3 0.277779 0.33018 0.457289 
0.3 0 0 4 0.787622 0.818323 0.856777 
0.3 0 1 4 0.0779443 0.51265 0.498093 
0.3 0 2 4 0.215339 0.540422 0.631306 
0.3 0 3 4 0.309519 0.676321 0.292306 
0.3 0 4 4 0.398663 0.623035 0.763329 
0.3 0 5 5 0.495956 0.797266 0.536637 
0.3 0 6 6 0.442183 0.0546281 0.453352 
0.3 0 7 6 0.258553 0.413312 0.843867 
0.3 0 8 6 0.0162358 0.991943 0.851222 
0.3 0 9 6 0.866482 0.594256 0.290078 
0.3 1 0 7 0.435255 0.550493 0.340922 
0.3 1 1 7 0.35139 0.0149236 0.908109 
0.3 1 2 8 0.785516 0.222266 0.75396 
0.3 1 3 8 0.774743 0.00128178 0.377087 
0.3 1 4 8 0.0962554 0.847194 0.205634 
0.3 1 5 9 0.64388 0.398358 0.739036 
0.3 1 6 9 0.88525 0.944456 0.571215 
0.3 1 7 10 0.772546 0.0407117 0.817652 
0.3 1 8 11 0.575762 0.725578 0.643941 
0.3 1 9 12 0.194678 0.115635 0.252449 
0.3 2 0 0 0.902158 0.395093 0.371014 
0.3 2 1 0 0.197272 0.422285 0.812128 
0.3 2 2 0 0.116947 0.51854 0.869716 
0.3 2 3 1 0.256355 0.0707114 0.0439772 
0.3 2 4 1 0.214484 0.426435 0.810846 
0.3 2 5 2 0.774163 0.159612 0.475082 
0.3 2 6 2 0.112522 0.953551 0.844478 
0.3 2 7 2 0.140141 0.0428785 0.628071 
0.3 2 8 3 0.417341 0.408246 0.659322 
0.3 2 9 3 0.907743 0.571245 0.180883 
0.3 3 0 4 0.655507 0.652974 0.635701 
0.3 3 1 5 0.910947 0.798364 0.803644 
0.3 3 2 6 0.319559 0.678762 0.499466 
0.3 3 3 6 0.069277 0.697653 0.676351 
0.3 3 4 7 0.365581 0.19953 0.535295 
0.3 3 5 8 0.568651 0.0707114 0.553453 
0.3 3 6 8 0.544542 0.70043 0.394818 
0.3 3 7 8 0.186071 0.665822 0.617603 
0.3 3 8 9 0.771996 0.171758 0.96878 
0.3 3 9 9 0.871883 0.192022 0.382305 
0.3 4 0 9 0.265664 0.577197 0.799677 
0.3 4 1 10 0.438887 0.0319834 0.687002 
0.3 4 2 10 0.0343944 0.0568255 0.726859 
0.3 4 3 11 0.460829 0.655416 0.501419 
0.3 4 4 11 0.107944 0.0893277 0.494736 
0.3 4 5 11 0.373943 0.634327 0.946074 
0.3 4 6 12 0.282907 0.446516 0.550554 
0.3 4 7 12 0.434828 0.390515 0.76455 
0.3 4 8 13 0.746605 0.902005 0.829554 
0.3 4 9 13 0.735466 0.986694 0.581378 
0.3 5 0 1 0.358226 0.422468 0.601062 
0.3 5 1 1 0.0415967 0.0332041 0.762322 
0.3 5 2 2 0.234352 0.103824 0.0525834 
0.3 5 3 3 0.925413 0.744499 0.699118 
0.3 5 4 3 0.233924 0.537431 0.845515 
0.3 5 5 3 0.633839 0.970641 0.981017 
0.3 5 6 3 0.588549 0.732261 0.0106204 
0.3 5 7 4 0.496109 0.274117 0.324564 
0.3 5 8 5 0.90112 0.298105 0.890255 
0.3 5 9 6 0.549669 0.442885 0.432173 
0.3 6 0 6 0.669149 0.440779 0.998535 
0.3 6 1 6 0.58269 0.857387 0.263283 
0.3 6 2 6 0.997528 0.556566 0.292306 
0.3 6 3 6 0.073336 0.482528 0.659047 
0.3 6 4 6 0.879055 0.965636 0.040437 
0.3 6 5 7 0.680929 0.561419 0.979461 
0.3 6 6 8 0.962004 0.715812 0.881069 
0.3 6 7 8 0.132054 0.973418 0.52617 
0.3 6 8 8 0.717948 0.547166 0.38435 
0.3 6 9 8 0.677114 0.306436 0.14832 
0.3 7 0 8 0.995544 0.156163 0.120334 
0.3 7 1 9 0.885372 0.609699 0.69863 
0.3 7 2 9 0.720939 0.962767 0.490158 
0.3 7 3 9 0.536241 0.161718 0.038667 
0.3 7 4 9 0.610096 0.788781 0.0433668 
0.3 7 5 9 0.863643 0.0366527 0.216803 
0.3 7 6 9 0.813044 0.327158 0.293741 
0.3 7 7 10 0.554643 0.401288 0.381573 
0.3 7 8 10 0.0469069 0.141942 0.790948 
0.3 7 9 10 0.811304 0.954283 0.0731529 
0.3 8 0 0 0.611194 0.316843 0.027253 
0.3 8 1 1 0.583026 0.35081 0.881741 
0.3 8 2 1 0.344829 0.887295 0.284249 
0.3 8 3 1 0.89169 0.465041 0.197241 
0.3 8 4 1 0.704611 0.974151 0.377453 
0.3 8 5 1 0.126865 0.556597 0.0276498 
0.3 8 6 2 0.340464 0.21128 0.0639973 
0.3 8 7 2 0.409131 0.447127 0.755119 
0.3 8 8 2 0.444899 0.748131 0.263192 
0.3 8 9 2 0.729911 0.308298 0.357006 
0.3 9 0 2 0.381146 0.939207 0.826716 
0.3 9 1 2 0.705344 0.234138 0.169469 
0.3 9 2 2 0.277261 0.927671 0.0132756 
0.3 9 3 3 0.54677 0.0461135 0.833033 
0.3 9 4 3 0.0322275 0.816614 0.689291 
0.3 9 5 3 0.385388 0.382977 0.766869 
0.3 9 6 4 0.144017 0.123508 0.22602 
0.3 9 7 5 0.511765 0.684256 0.488784 
0.3 9 8 6 0.559557 0.856014 0.713767 
0.3 9 9 6 0.53032 0.810419 0.457778 
0.4 0 0 6 0.991485 0.955535 0.091464 
0.4 0 1 6 0.00927763 0.381451 0.99527 
0.4 0 2 7 0.46849 0.1536 0.72277 
0.4 0 3 8 0.0521867 0.0805994 0.356578 
0.4 0 4 8 0.911557 0.60097 0.458144 
0.4 0 5 8 0.452742 0.790338 0.309275 
0.4 0 6 9 0.881314 0.0834376 0.937284 
0.4 0 7 10 0.84817 0.123753 0.746879 
0.4 0 8 10 0.949797 0.36079 0.424726 
0.4 0 9 10 0.677419 0.31608 0.0579241 
0.4 1 0 0 0.0330821 0.274545 0.468093 
0.4 1 1 0 0.909299 0.168035 0.298868 
0.4 1 2 0 0.110141 0.899228 0.738823 
0.4 1 3 1 0.554674 0.416486 0.815668 
0.4 1 4 1 0.66863 0.277413 0.191839 
0.4 1 5 1 0.0410169 0.165288 0.945189 
0.4 1 6 2 0.588549 0.313883 0.783349 
0.4 1 7 3 0.732688 0.474136 0.929899 
0.4 1 8 3 0.62038 0.326548 0.0430616 
0.4 1 9 4 0.351085 0.492599 0.320627 
0.4 2 0 5 0.766228 0.692099 0.43199 
0.4 2 1 5 0.910428 0.272134 0.0520951 
0.4 2 2 6 0.349803 0.104556 0.253731 
0.4 2 3 7 0.161107 0.209937 0.173223 
0.4 2 4 7 0.993988 0.30958 0.555437 
0.4 2 5 7 0.551195 0.604511 0.0298776 
0.4 2 6 8 0.732658 0.914853 0.570971 
0.4 2 7 9 0.498642 0.656178 0.651814 
0.4 2 8 10 0.698782 0.128239 0.458754 
0.4 2 9 11 0.441939 0.0527055 0.316843 
0.4 3 0 1 0.869411 0.168249 0.984863 
0.4 3 1 2 0.825159 0.664052 0.876888 
0.4 3 2 2 0.843806 0.748955 0.0321055 
0.4 3 3 2 0.00421155 0.459456 0.556108 
0.4 3 4 2 0.202887 0.591082 0.996979 
0.4 3 5 2 0.156774 0.175329 0.701132 
0.4 3 6 2 0.273324 0.475509 0.89523 
0.4 3 7 3 0.763787 0.130955 0.494125 
0.4 3 8 4 0.723289 0.0592975 0.961486 
0.4 3 9 4 0.233955 0.538102 0.0654622 
0.4 4 0 4 0.973571 0.646504 0.317545 
0.4 4 1 5 0.884121 0.298868 0.880642 
0.4 4 2 6 0.542497 0.466628 0.529496 
0.4 4 3 7 0.896054 0.266396 0.857021 
0.4 4 4 7 0.780786 0.890591 0.194952 
0.4 4 5 8 0.171209 0.87347 0.511307 
0.4 4 6 9 0.618915 0.531632 0.728324 
0.4 4 7 10 0.317087 0.54442 0.675344 
0.4 4 8 11 0.568041 0.462203 0.864223 
0.4 4 9 12 0.454939 0.0188299 0.0690939 
0.4 5 0 1 0.913785 0.950804 0.706748 
0.4 5 1 2 0.259713 0.255745 0.413221 
0.4 5 2 2 0.44142 0.313425 0.0368053 
0.4 5 3 3 0.753685 0.581896 0.920896 
0.4 5 4 4 0.760491 0.803278 0.677419 
0.4 5 5 4 0.00216681 0.819697 0.0579546 
0.4 5 6 5 0.977691 0.0584429 0.632984 
0.4 5 7 6 0.128422 0.90582 0.525132 
0.4 5 8 6 0.727836 0.614154 0.0880154 
0.4 5 9 6 0.0959807 0.614917 0.619739 
0.4 6 0 6 0.033723 0.486923 0.79754 
0.4 6 1 7 0.632832 0.0596332 0.60744 
0.4 6 2 7 0.758995 0.981964 0.551958 
0.4 6 3 8 0.609607 0.272774 0.593219 
0.4 6 4 8 0.159978 0.78222 0.878353 
0.4 6 5 8 0.264657 0.0153203 0.75985 
0.4 6 6 9 0.866909 0.176824 0.570177 
0.4 6 7 9 0.0148015 0.620655 0.858486 
0.4 6 8 9 0.148259 0.10126 0.649312 
0.4 6 9 10 0.32606 0.803003 0.619861 
0.4 7 0 0 0.167486 0.615955 0.575213 
0.4 7 1 1 0.371929 0.557207 0.427747 
0.4 7 2 2 0.745903 0.671865 0.558428 
0.4 7 3 3 0.0978118 0.176061 0.286477 
0.4 7 4 4 0.532304 0.621754 0.328898 
0.4 7 5 5 0.970031 0.640248 0.94409 
0.4 7 6 6 0.0667135 0.0636311 0.282601 
0.4 7 7 6 0.234626 0.817652 0.128117 
0.4 7 8 6 0.641224 0.369915 0.204535 
0.4 7 9 7 0.0784936 0.668966 0.338145 
0.4 8 0 7 0.731223 0.789422 0.370373 
0.4 8 1 8 0.787072 0.618671 0.639882 
0.4 8 2 9 0.717032 0.432936 0.385327 
0.4 8 3 9 0.966369 0.0415052 0.549699 
0.4 8 4 9 0.265694 0.892636 0.2537 
0.4 8 5 10 0.256996 0.0600909 0.505539 
0.4 8 6 11 0.722709 0.825617 0.510117 
0.4 8 7 12 0.845027 0.169103 0.719382 
0.4 8 8 13 0.793115 0.67748 0.410291 
0.4 8 9 14 0.592242 0.229591 0.521043 
0.4 9 0 0 0.303171 0.9588 0.797327 
0.4 9 1 1 0.891537 0.728141 0.757866 
0.4 9 2 1 0.54564 0.237831 0.957396 
0.4 9 3 2 0.527085 0.504135 0.535661 
0.4 9 4 3 0.251991 0.407636 0.178991 
0.4 9 5 3 0.00790429 0.031373 0.697928 
0.4 9 6 3 0.231269 0.941282 0.45851 
0.4 9 7 4 0.174627 0.430158 0.0666219 
0.4 9 8 4 0.784997 0.900388 0.475784 
0.4 9 9 5 0.473189 0.299631 0.736106 
0.5 0 0 5 0.784722 0.524369 0.224555 
0.5 0 1 6 0.277535 0.832057 0.744346 
0.5 0 2 7 0.401715 0.434309 0.143986 
0.5 0 3 8 0.144047 0.114933 0.370067 
0.5 0 4 9 0.534623 0.955657 0.889798 
0.5 0 5 10 0.0229194 0.68038 0.243416 
0.5 0 6 11 0.616138 0.924741 0.626331 
0.5 0 7 12 0.360942 0.836695 0.537828 
0.5 0 8 13 0.31785 0.722343 0.545 
0.5 0 9 14 0.828181 0.751244 0.856777 
0.5 1 0 0 0.337413 0.293466 0.837489 
0.5 1 1 1 0.215125 0.26191 0.165288 
0.5 1 2 2 0.572497 0.697165 0.208258 
0.5 1 3 3 0.00369274 0.607837 0.368053 
0.5 1 4 3 0.182653 0.403088 0.815455 
0.5 1 5 4 0.333537 0.311075 0.0281381 
0.5 1 6 5 0.940458 0.241462 0.914914 
0.5 1 7 5 0.698935 0.935514 0.379589 
0.5 1 8 5 0.502426 0.743065 0.0704062 
0.5 1 9 5 0.837336 0.0201727 0.334513 
0.5 2 0 6 0.411145 0.701071 0.207862 
0.5 2 1 6 0.0375072 0.76162 0.751366 
0.5 2 2 7 0.400403 0.274148 0.661977 
0.5 2 3 8 0.630634 0.621143 0.934568 
0.5 2 4 8 0.537461 0.950621 0.309641 
0.5 2 5 8 0.848537 0.591479 0.307718 
0.5 2 6 9 0.528336 0.337138 0.53618 
0.5 2 7 10 0.675649 0.990967 0.56325 
0.5 2 8 11 0.755181 0.143376 0.757317 
0.5 2 9 11 0.899442 0.991302 0.46794 
0.5 3 0 0 0.937895 0.0324717 0.153569 
0.5 3 1 1 0.410108 0.251625 0.0227058 
0.5 3 2 2 0.337199 0.322214 0.781365 
0.5 3 3 2 0.0374157 0.650044 0.956664 
0.5 3 4 3 0.769982 0.976592 0.939543 
0.5 3 5 4 0.963744 0.801416 0.710074 
0.5 3 6 5 0.0137944 0.0479141 0.210273 
0.5 3 7 6 0.144963 0.450667 0.250771 
0.5 3 8 6 0.0637226 0.84167 0.588061 
0.5 3 9 7 0.329875 0.559069 0.397351 
0.5 4 0 7 0.790216 0.701895 0.181585 
0.5 4 1 7 0.316324 0.58272 0.919187 
0.5 4 2 8 0.465499 0.584735 0.750481 
0.5 4 3 8 0.148137 0.702414 0.669729 
0.5 4 4 8 0.992492 0.618274 0.440657 
0.5 4 5 9 0.160772 0.226814 0.510727 
0.5 4 6 9 0.11951 0.772607 0.139866 
0.5 4 7 9 0.255043 0.681845 0.927946 
0.5 4 8 10 0.073336 0.702994 0.508988 
0.5 4 9 10 0.639332 0.843104 0.14774 
0.5 5 0 1 0.521744 0.908475 0.583178 
0.5 5 1 2 0.65801 0.791131 0.361614 
0.5 5 2 3 0.209052 0.694876 0.502548 
0.5 5 3 4 0.340526 0.593982 0.480911 
0.5 5 4 4 0.617359 0.166936 0.0513627 
0.5 5 5 4 0.0899075 0.0753502 0.799493 
0.5 5 6 4 0.218451 0.726066 0.881985 
0.5 5 7 4 0.602313 0.933256 0.16126 
0.5 5 8 4 0.924253 0.443617 0.199866 
0.5 5 9 5 0.799554 0.858699 0.84283 
0.5 6 0 6 0.835475 0.337046 0.915555 
0.5 6 1 7 0.385571 0.892361 0.486496 
0.5 6 2 7 0.962523 0.125095 0.449416 
0.5 6 3 7 0.734977 0.67214 0.188299 
0.5 6 4 7 0.866482 0.603442 0.136357 
0.5 6 5 8 0.306101 0.0950346 0.377148 
0.5 6 6 8 0.772454 0.486099 0.139775 
0.5 6 7 9 0.775536 0.862911 0.546617 
0.5 6 8 10 0.263802 0.529984 0.574908 
0.5 6 9 11 0.730827 0.0321055 0.339061 
0.5 7 0 1 0.801111 0.119785 0.786584 
0.5 7 1 1 0.16895 0.667074 0.0628986 
0.5 7 2 1 0.646199 0.368725 0.0480667 
0.5 7 3 2 0.344859 0.626759 0.568529 
0.5 7 4 3 0.939787 0.307474 0.973052 
0.5 7 5 4 0.829951 0.0257881 0.64565 
0.5 7 6 5 0.298044 0.0168767 0.286538 
0.5 7 7 5 0.0954619 0.622394 0.856166 
0.5 7 8 6 0.992767 0.734153 0.907712 
0.5 7 9 6 0.655934 0.927549 0.109622 
0.5 8 0 7 0.178289 0.151402 0.18067 
0.5 8 1 8 0.919248 0.824183 0.446028 
0.5 8 2 9 0.358989 0.455794 0.179479 
0.5 8 3 10 0.51735 0.556352 0.540147 
0.5 8 4 11 0.970305 0.255837 0.927396 
0.5 8 5 12 0.158757 0.724906 0.505844 
0.5 8 6 12 0.208228 0.525071 0.741203 
0.5 8 7 12 0.0772118 0.0285348 0.783532 
0.5 8 8 13 0.704093 0.196234 0.358165 
0.5 8 9 14 0.0748314 0.547288 0.365001 
0.5 9 0 1 0.932096 0.181372 0.65276 
0.5 9 1 1 0.0975982 0.998169 0.471419 
0.5 9 2 1 0.982147 0.501968 0.230384 
0.5 9 3 2 0.360881 0.233131 0.176244 
0.5 9 4 3 0.152135 0.0115055 0.615558 
0.5 9 5 4 0.38847 0.912961 0.484085 
0.5 9 6 5 0.33961 0.00790429 0.762535 
0.5 9 7 6 0.0653096 0.411542 0.157506 
0.5 9 8 6 0.0656148 0.987609 0.829035 
0.5 9 9 7 0.0552385 0.202063 0.259835 
0.6 0 0 8 0.771172 0.0143742 0.194769 
0.6 0 1 8 0.828608 0.876186 0.07004 
0.6 0 2 9 0.410535 0.787744 0.200659 
0.6 0 3 9 0.201758 0.176489 0.856044 
0.6 0 4 10 0.954436 0.620594 0.656484 
0.6 0 5 10 0.840785 0.604297 0.0892056 
0.6 0 6 11 0.830866 0.30665 0.440962 
0.6 0 7 11 0.744102 0.923795 0.168432 
0.6 0 8 12 0.202368 0.388348 0.121128 
0.6 0 9 13 0.42613 0.847499 0.724021 
0.6 1 0 0 0.923643 0.761589 0.074221 
0.6 1 1 0 0.492538 0.978057 0.215094 
0.6 1 2 1 0.675466 0.992279 0.73104 
0.6 1 3 2 0.66097 0.326182 0.941679 
0.6 1 4 3 0.748833 0.300394 0.896756 
0.6 1 5 3 0.156743 0.0466323 0.890927 
0.6 1 6 3 0.884518 0.0121158 0.271645 
0.6 1 7 3 0.930906 0.0589618 0.1536 
0.6 1 8 3 0.0833766 0.517777 0.913297 
0.6 1 9 4 0.431654 0.574755 0.09888 
0.6 2 0 5 0.0160833 0.524522 0.07828 
0.6 2 1 5 0.833705 0.857662 0.219062 
0.6 2 2 6 0.200568 0.786035 0.283761 
0.6 2 3 7 0.819147 0.429151 0.66509 
0.6 2 4 8 0.111423 0.649159 0.155156 
0.6 2 5 9 0.33433 0.019837 0.122379 
0.6 2 6 10 0.456191 0.806269 0.310404 
0.6 2 7 10 0.342509 0.482192 0.942534 
0.6 2 8 11 0.629933 0.70687 0.788934 
0.6 2 9 12 0.57796 0.250069 0.480514 
0.6 3 0 1 0.462325 0.286905 0.997711 
0.6 3 1 2 0.810022 0.377697 0.511124 
0.6 3 2 3 0.428694 0.144932 0.437361 
0.6 3 3 4 0.267586 0.340464 0.536699 
0.6 3 4 5 0.130558 0.155309 0.215278 
0.6 3 5 6 0.782983 0.259499 0.879513 
0.6 3 6 6 0.689688 0.88641 0.174932 
0.6 3 7 6 0.012299 0.642537 0.79696 
0.6 3 8 6 0.36552 0.208472 0.996338 
0.6 3 9 7 0.905606 0.744255 0.594836 
0.6 4 0 8 0.824824 0.259285 0.475997 
0.6 4 1 9 0.552446 0.861354 0.965087 
0.6 4 2 9 0.689779 0.610034 0.00106815 
0.6 4 3 10 0.752342 0.919584 0.66747 
0.6 4 4 11 0.891263 0.162328 0.617328 
0.6 4 5 12 0.268105 0.202979 0.33311 
0.6 4 6 13 0.58211 0.138737 0.678518 
0.6 4 7 14 0.848964 0.648915 0.715903 
0.6 4 8 15 0.547655 0.623188 0.480972 
0.6 4 9 16 0.876949 0.406964 0.282754 
0.6 5 0 0 0.809503 0.595477 0.155797 
0.6 5 1 0 0.0235908 0.964171 0.738975 
0.6 5 2 1 0.0824 0.405438 0.0386975 
0.6 5 3 1 0.727805 0.694662 0.0546892 
0.6 5 4 2 0.534654 0.274392 0.388012 
0.6 5 5 3 0.744621 0.827631 0.921201 
0.6 5 6 4 0.545915 0.820826 0.299509 
0.6 5 7 5 0.59624 0.164739 0.441389 
0.6 5 8 6 0.480392 0.905026 0.598712 
0.6 5 9 7 0.600299 0.0440992 0.377361 
0.6 6 0 8 0.516892 0.4026 0.000946074 
0.6 6 1 9 0.388256 0.667592 0.56035 
0.6 6 2 10 0.931486 0.971282 0.542528 
0.6 6 3 11 0.578143 0.604907 0.24311 
0.6 6 4 12 0.535508 0.596667 0.82635 
0.6 6 5 13 0.658467 0.688925 0.363353 
0.6 6 6 14 0.855983 0.813562 0.621754 
0.6 6 7 15 0.298563 0.244453 0.0173345 
0.6 6 8 16 0.733146 0.126377 0.427961 
0.6 6 9 17 0.348979 0.274941 0.0386059 
0.6 7 0 1 0.926817 0.420423 0.387371 
0.6 7 1 2 0.86053 0.491348 0.562761 
0.6 7 2 2 0.691 0.187567 0.038789 
0.6 7 3 3 0.655354 0.529466 0.961455 
0.6 7 4 4 0.725028 0.315867 0.456038 
0.6 7 5 5 0.454207 0.994568 0.67101 
0.6 7 6 5 0.0583514 0.129643 0.953093 
0.6 7 7 6 0.425428 0.714499 0.350108 
0.6 7 8 7 0.905972 0.448683 0.374645 
0.6 7 9 8 0.39787 0.406384 0.598346 
0.6 8 0 9 0.961943 0.779656 0.657094 
0.6 8 1 9 0.998108 0.485946 0.283273 
0.6 8 2 10 0.609424 0.489853 0.463088 
0.6 8 3 11 0.754692 0.60332 0.478408 
0.6 8 4 12 0.737358 0.0648518 0.892026 
0.6 8 5 12 0.887265 0.29487 0.234443 
0.6 8 6 12 0.895505 0.444594 0.166997 
0.6 8 7 13 0.185827 0.525925 0.0182501 
0.6 8 8 14 0.0142827 0.0904569 0.429273 
0.6 8 9 15 0.218146 0.486496 0.780938 
0.6 9 0 1 0.486709 0.984863 0.951353 
0.6 9 1 2 0.196234 0.419294 0.383526 
0.6 9 2 3 0.686361 0.328776 0.840358 
0.6 9 3 4 0.321635 0.127171 0.642323 
0.6 9 4 5 0.598346 0.40904 0.266488 
0.6 9 5 6 0.429182 0.755028 0.679647 
0.6 9 6 6 0.796899 0.075869 0.0416272 
0.6 9 7 7 0.393017 0.0917081 0.705496 
0.6 9 8 8 0.137761 0.634816 0.617573 
0.6 9 9 8 0.165807 0.615955 0.934874 
0.7 0 0 9 0.872127 0.832026 0.896268 
0.7 0 1 10 0.62154 0.441237 0.192419 
0.7 0 2 11 0.0540178 0.131199 0.268654 
0.7 0 3 12 0.6863 0.825465 0.991455 
0.7 0 4 13 0.732841 0.762291 0.653584 
0.7 0 5 14 0.696951 0.623554 0.626423 
0.7 0 6 15 0.119449 0.196722 0.613208 
0.7 0 7 16 0.648152 0.601642 0.211341 
0.7 0 8 17 0.315683 0.89346 0.508042 
0.7 0 9 18 0.099002 0.527024 0.753685 
0.7 1 0 1 0.923734 0.489212 0.741295 
0.7 1 1 2 0.138737 0.0184942 0.402722 
0.7 1 2 3 0.535813 0.203467 0.0580767 
0.7 1 3 3 0.0767846 0.919156 0.0762047 
0.7 1 4 4 0.362377 0.213843 0.235817 
0.7 1 5 5 0.557726 0.0549028 0.873165 
0.7 1 6 6 0.721305 0.259835 0.94705 
0.7 1 7 7 0.723441 0.301157 0.152135 
0.7 1 8 8 0.400525 0.875973 0.728324 
0.7 1 9 8 0.985809 0.512528 0.0161138 
0.7 2 0 9 0.651601 0.562822 0.466628 
0.7 2 1 10 0.052797 0.709922 0.319987 
0.7 2 2 11 0.393353 0.00393689 0.245552 
0.7 2 3 12 0.19599 0.584552 0.33726 
0.7 2 4 13 0.730338 0.250313 0.40495 
0.7 2 5 14 0.484787 0.498276 0.00302133 
0.7 2 6 15 0.744438 0.749901 0.878872 
0.7 2 7 16 0.963988 0.355602 0.325877 
0.7 2 8 17 0.324412 0.320109 0.919431 
0.7 2 9 18 0.644337 0.625263 0.249886 
0.7 3 0 1 0.183203 0.772607 0.806452 
0.7 3 1 1 0.833216 0.014893 0.0785546 
0.7 3 2 2 0.800256 0.0259407 0.716758 
0.7 3 3 3 0.882015 0.487289 0.667776 
0.7 3 4 4 0.442763 0.310801 0.200995 
0.7 3 5 4 0.991546 0.0632649 0.0812403 
0.7 3 6 5 0.28843 0.603809 0.320566 
0.7 3 7 6 0.420667 0.821589 0.404584 
0.7 3 8 6 0.619434 0.851497 0.0528275 
0.7 3 9 7 0.415448 0.295816 0.0553606 
0.7 4 0 8 0.708396 0.984283 0.708304 
0.7 4 1 9 0.53618 0.713065 0.336039 
0.7 4 2 10 0.995087 0.300607 0.440748 
0.7 4 3 11 0.938017 0.84106 0.27485 
0.7 4 4 12 0.0839564 0.647847 0.0982696 
0.7 4 5 13 0.67684 0.236152 0.114048 
0.7 4 6 14 0.603717 0.0616779 0.280892 
0.7 4 7 15 0.396863 0.037965 0.260292 
0.7 4 8 16 0.681051 0.278726 0.168828 
0.7 4 9 17 0.928953 0.762566 0.232826 
0.7 5 0 0 0.323405 0.929106 0.0859096 
0.7 5 1 1 0.518784 0.432264 0.255837 
0.7 5 2 2 0.999084 0.373882 0.489883 
0.7 5 3 3 0.734306 0.466109 0.768792 
0.7 5 4 4 0.774773 0.20188 0.764824 
0.7 5 5 5 0.696524 0.672933 0.396069 
0.7 5 6 6 0.14713 0.463363 0.448897 
0.7 5 7 7 0.265603 0.0564287 0.950407 
0.7 5 8 8 0.807489 0.924741 0.995087 
0.7 5 9 9 0.314615 0.590564 0.968169 
0.7 6 0 10 0.635945 0.098178 0.452132 
0.7 6 1 11 0.366802 0.272195 0.214545 
0.7 6 2 12 0.855861 0.661794 0.198431 
0.7 6 3 13 0.78045 0.23838 0.67626 
0.7 6 4 14 0.117344 0.262185 0.68273 
0.7 6 5 15 0.463576 0.165349 0.905362 
0.7 6 6 16 0.944823 0.71044 0.651418 
0.7 6 7 17 0.916166 0.177648 0.313944 
0.7 6 8 18 0.102176 0.36372 0.196265 
0.7 6 9 19 0.351207 0.707785 0.271828 
0.7 7 0 1 0.627491 0.160253 0.76162 
0.7 7 1 2 0.868709 0.788232 0.751122 
0.7 7 2 3 0.187902 0.463851 0.636067 
0.7 7 3 4 0.265511 0.751366 0.920682 
0.7 7 4 5 0.635823 0.704428 0.0416272 
0.7 7 5 6 0.193365 0.885922 0.641743 
0.7 7 6 7 0.827357 0.897153 0.348216 
0.7 7 7 8 0.143132 0.872799 0.380383 
0.7 7 8 9 0.525101 0.608753 0.811396 
0.7 7 9 10 0.267464 0.427717 0.758293 
0.7 8 0 0 0.16953 0.941099 0.178808 
0.7 8 1 1 0.477706 0.134404 0.932798 
0.7 8 2 2 0.0940886 0.745842 0.159948 
0.7 8 3 3 0.690329 0.586108 0.359722 
0.7 8 4 3 0.00424207 0.690878 0.733695 
0.7 8 5 4 0.677847 0.292459 0.368725 
0.7 8 6 5 0.86169 0.0993683 0.198767 
0.7 8 7 6 0.825953 0.973754 0.498611 
0.7 8 8 7 0.341288 0.795282 0.382611 
0.7 8 9 8 0.333354 0.483627 0.823511 
0.7 9 0 9 0.381481 0.64568 0.136876 
0.7 9 1 10 0.144444 0.299905 0.674154 
0.7 9 2 11 0.655507 0.21012 0.788476 
0.7 9 3 12 0.295999 0.921506 0.348735 
0.7 9 4 13 0.675466 0.0184027 0.209815 
0.7 9 5 14 0.518509 0.239784 0.736991 
0.7 9 6 15 0.329539 0.625904 0.243568 
0.7 9 7 16 0.980804 0.633869 0.377056 
0.7 9 8 17 0.568194 0.862575 0.993194 
0.7 9 9 18 0.13126 0.797784 0.452406 
0.8 0 0 1 0.324717 0.724937 0.593432 
0.8 0 1 2 0.794458 0.772668 0.735191 
0.8 0 2 3 0.20249 0.284463 0.132237 
0.8 0 3 4 0.151677 0.946318 0.627979 
0.8 0 4 4 0.611896 0.92526 0.0298776 
0.8 0 5 5 0.0967742 0.526963 0.362316 
0.8 0 6 6 0.518113 0.303385 0.0188299 
0.8 0 7 7 0.833796 0.821375 0.211554 
0.8 0 8 8 0.393139 0.767083 0.534684 
0.8 0 9 9 0.601947 0.170995 0.390088 
0.8 1 0 10 0.974456 0.711753 0.44673 
0.8 1 1 11 0.196112 0.255684 0.266762 
0.8 1 2 12 0.646016 0.597766 0.254494 
0.8 1 3 13 0.624836 0.278268 0.739586 
0.8 1 4 14 0.298776 0.249275 0.776849 
0.8 1 5 15 0.937162 0.931364 0.23133 
0.8 1 6 16 0.0208747 0.712302 0.588916 
0.8 1 7 16 0.0800195 0.632557 0.892575 
0.8 1 8 17 0.541093 0.498398 0.643391 
0.8 1 9 18 0.743736 0.932524 0.36491 
0.8 2 0 1 0.623585 0.604694 0.272744 
0.8 2 1 2 0.638447 0.867977 0.992706 
0.8 2 2 3 0.216651 0.406201 0.732231 
0.8 2 3 4 0.64803 0.980041 0.792688 
0.8 2 4 5 0.713431 0.487259 0.233345 
0.8 2 5 6 0.94879 0.368236 0.933042 
0.8 2 6 7 0.818079 0.839808 0.663045 
0.8 2 7 8 0.589709 0.128727 0.0509659 
0.8 2 8 9 0.849178 0.733573 0.505051 
0.8 2 9 10 0.329417 0.457533 0.586138 
0.8 3 0 1 0.477279 0.0809046 0.505875 
0.8 3 1 2 0.83932 0.209021 0.54088 
0.8 3 2 3 0.512955 0.401502 0.981017 
0.8 3 3 4 0.837519 0.412946 0.832972 
0.8 3 4 4 0.0595416 0.666677 0.963897 
0.8 3 5 5 0.439436 0.793756 0.796503 
0.8 3 6 6 0.744255 0.492721 0.284555 
0.8 3 7 7 0.121097 0.331095 0.546983 
0.8 3 8 8 0.470321 0.481613 0.753441 
0.8 3 9 9 0.319468 0.971831 0.973876 
0.8 4 0 10 0.814844 0.104526 0.540788 
0.8 4 1 11 0.960723 0.379192 0.189337 
0.8 4 2 12 0.455885 0.508621 0.212531 
0.8 4 3 13 0.240669 0.709586 0.466689 
0.8 4 4 14 0.475967 0.130833 0.329752 
0.8 4 5 15 0.906705 0.461959 0.171972 
0.8 4 6 16 0.679891 0.143773 0.669271 
0.8 4 7 17 0.227302 0.0814844 0.0554827 
0.8 4 8 18 0.809015 0.667898 0.60268 
0.8 4 9 19 0.918638 0.836238 0.644215 
0.8 5 0 1 0.356151 0.482253 0.600848 
0.8 5 1 2 0.640553 0.151097 0.496139 
0.8 5 2 3 0.211035 0.781579 0.842189 
0.8 5 3 4 0.412549 0.703787 0.859584 
0.8 5 4 5 0.21952 0.480972 0.11536 
0.8 5 5 6 0.551195 0.783502 0.953948 
0.8 5 6 7 0.546312 0.792138 0.247963 
0.8 5 7 8 0.623218 0.313944 0.779138 
0.8 5 8 9 0.11594 0.404462 0.78692 
0.8 5 9 10 0.567431 0.171087 0.189795 
0.8 6 0 1 0.994873 0.732871 0.229102 
0.8 6 1 2 0.686422 0.607257 0.0668966 
0.8 6 2 3 0.992584 0.460494 0.375256 
0.8 6 3 4 0.773888 0.353038 0.904782 
0.8 6 4 5 0.629994 0.138829 0.984283 
0.8 6 5 6 0.348857 0.931578 0.13477 
0.8 6 6 7 0.569994 0.0307627 0.461806 
0.8 6 7 8 0.938261 0.510483 0.148564 
0.8 6 8 9 0.255165 0.821772 0.451064 
0.8 6 9 10 0.710746 0.861324 0.391858 
0.8 7 0 1 0.477065 0.40437 0.532762 
0.8 7 1 2 0.641896 0.317972 0.199377 
0.8 7 2 3 0.532121 0.787744 0.405774 
0.8 7 3 4 0.90817 0.651814 0.355541 
0.8 7 4 5 0.129795 0.418592 0.540727 
0.8 7 5 6 0.49028 0.133396 0.820154 
0.8 7 6 7 0.931089 0.953642 0.994659 
0.8 7 7 8 0.140904 0.359539 0.780084 
0.8 7 8 9 0.136052 0.914975 0.476119 
0.8 7 9 10 0.0600299 0.306375 0.298288 
0.8 8 0 1 0.534837 0.818628 0.478347 
0.8 8 1 2 0.952635 0.159612 0.458907 
0.8 8 2 3 0.506333 0.415418 0.979644 
0.8 8 3 4 0.738273 0.387524 0.17481 
0.8 8 4 5 0.226997 0.747002 0.470107 
0.8 8 5 6 0.168615 0.891781 0.857082 
0.8 8 6 7 0.452834 0.92584 0.526811 
0.8 8 7 8 0.110996 0.51915 0.0692465 
0.8 8 8 9 0.296945 0.0184942 0.449751 
0.8 8 9 10 0.398663 0.366192 0.230049 
0.8 9 0 1 0.0575884 0.272286 0.216407 
0.8 9 1 2 0.0564898 0.788965 0.506272 
0.8 9 2 3 0.991455 0.302774 0.833979 
0.8 9 3 4 0.510086 0.46028 0.385113 
0.8 9 4 5 0.590899 0.877468 0.693381 
0.8 9 5 6 0.199896 0.827784 0.150761 
0.8 9 6 7 0.0452284 0.713523 0.384716 
0.8 9 7 8 0.978149 0.537797 0.741478 
0.8 9 8 9 0.761406 0.381939 0.237587 
0.8 9 9 10 0.885739 0.432661 0.35728 
0.9 0 0 1 0.721061 0.0991241 0.236732 
0.9 0 1 2 0.519303 0.22129 0.845454 
0.9 0 2 3 0.679189 0.018128 0.550432 
0.9 0 3 4 0.32371 0.496872 0.440138 
0.9 0 4 5 0.390881 0.726066 0.325236 
0.9 0 5 6 0.914274 0.0496536 0.997314 
0.9 0 6 7 0.812922 0.142033 0.269387 
0.9 0 7 8 0.0652791 0.0274056 0.570605 
0.9 0 8 9 0.189398 0.010712 0.49556 
0.9 0 9 10 0.426374 0.0513627 0.145146 
0.9 1 0 1 0.722312 0.829615 0.742576 
0.9 1 1 2 0.465896 0.531968 0.706992 
0.9 1 2 3 0.770898 0.45674 0.0755028 
0.9 1 3 4 0.722373 0.765069 0.703085 
0.9 1 4 5 0.847407 0.943663 0.0943937 
0.9 1 5 6 0.290139 0.556108 0.464644 
0.9 1 6 7 0.70098 0.453352 0.19187 
0.9 1 7 8 0.700888 0.738823 0.449232 
0.9 1 8 9 0.135563 0.57796 0.113193 
0.9 1 9 10 0.115818 0.652089 0.331278 
0.9 2 0 1 0.51442 0.091464 0.612354 
0.9 2 1 2 0.135716 0.0389416 0.1601 
0.9 2 2 3 0.787835 0.28431 0.992859 
0.9 2 3 4 0.692862 0.560747 0.134342 
0.9 2 4 5 0.970061 0.653523 0.394055 
0.9 2 5 6 0.539903 0.800073 0.137669 
0.9 2 6 7 0.905332 0.989349 0.45851 
0.9 2 7 8 0.913541 0.887326 0.166784 
0.9 2 8 9 0.534318 0.933439 0.12009 
0.9 2 9 10 0.156224 0.347087 0.285073 
0.9 3 0 1 0.317576 0.00646992 0.309061 
0.9 3 1 2 0.550615 0.052736 0.87698 
0.9 3 2 3 0.624561 0.0428785 0.00503555 
0.9 3 3 4 0.481582 0.92114 0.887509 
0.9 3 4 5 0.373821 0.0507218 0.906339 
0.9 3 5 6 0.418928 0.801691 0.529405 
0.9 3 6 7 0.643391 0.860225 0.65096 
0.9 3 7 8 0.230232 0.539842 0.75454 
0.9 3 8 9 0.978057 0.660726 0.642933 
0.9 3 9 10 0.117283 0.0480972 0.742668 
0.9 4 0 1 0.335093 0.777947 0.735038 
0.9 4 1 2 0.143223 0.0239875 0.879757 
0.9 4 2 3 0.649739 0.935881 0.920072 
0.9 4 3 4 0.006592 0.340556 0.31016 
0.9 4 4 5 0.495926 0.905728 0.410077 
0.9 4 5 6 0.549364 0.721152 0.274453 
0.9 4 6 7 0.891263 0.993957 0.666128 
0.9 4 7 8 0.580554 0.727378 0.210578 
0.9 4 8 9 0.568743 0.38432 0.699179 
0.9 4 9 10 0.0846889 0.958007 0.131413 
0.9 5 0 1 0.642994 0.0557573 0.92761 
0.9 5 1 2 0.88525 0.303598 0.213874 
0.9 5 2 3 0.154027 0.967315 0.665731 
0.9 5 3 4 0.476241 0.752373 0.974822 
0.9 5 4 5 0.107639 0.562853 0.563677 
0.9 5 5 6 0.143712 0.221015 0.98941 
0.9 5 6 7 0.967986 0.526505 0.640126 
0.9 5 7 8 0.796594 0.816279 0.952757 
0.9 5 8 9 0.72512 0.234779 0.575243 
0.9 5 9 10 0.242103 0.442091 0.122074 
0.9 6 0 1 0.279092 0.637684 0.284402 
0.9 6 1 2 0.0953093 0.381176 0.928953 
0.9 6 2 3 0.578692 0.472091 0.100314 
0.9 6 3 4 0.232948 0.0194098 0.943205 
0.9 6 4 5 0.354625 0.90231 0.775811 
0.9 6 5 6 0.813623 0.877041 0.529008 
0.9 6 6 7 0.0143437 0.0111698 0.606525 
0.9 6 7 8 0.512711 0.181829 0.581622 
0.9 6 8 9 0.948057 0.162114 0.891049 
0.9 6 9 10 0.888577 0.995636 0.798364 
0.9 7 0 1 0.754387 0.237495 0.311991 
0.9 7 1 2 0.829188 0.00817896 0.142277 
0.9 7 2 3 0.358684 0.262368 0.27195 
0.9 7 3 4 0.952818 0.170232 0.627644 
0.9 7 4 5 0.285806 0.0630207 0.366222 
0.9 7 5 6 0.775231 0.970702 0.417676 
0.9 7 6 7 0.0949736 0.52031 0.654164 
0.9 7 7 8 0.536393 0.00274667 0.601978 
0.9 7 8 9 0.806146 0.77456 0.821986 
0.9 7 9 10 0.925199 0.128178 0.0388501 
0.9 8 0 1 0.672384 0.554765 0.339885 
0.9 8 1 2 0.676809 0.668752 0.43028 
0.9 8 2 3 0.506546 0.758934 0.929228 
0.9 8 3 4 0.270028 0.25132 0.472152 
0.9 8 4 5 0.57741 0.633534 0.696066 
0.9 8 5 6 0.843318 0.83285 0.610889 
0.9 8 6 7 0.474349 0.51149 0.782678 
0.9 8 7 8 0.107608 0.660695 0.767907 
0.9 8 8 9 0.928892 0.194464 0.959166 
0.9 8 9 10 0.582202 0.104831 0.489761 
0.9 9 0 1 0.995911 0.833857 0.854335 
0.9 9 1 2 0.0443129 0.0587481 0.467055 
0.9 9 2 3 0.867733 0.696615 0.127842 
0.9 9 3 4 0.788812 0.568072 0.367687 
0.9 9 4 5 0.541002 0.627613 0.441694 
0.9 9 5 6 0.264077 0.137608 0.572863 
0.9 9 6 7 0.206397 0.457839 0.225013 
0.9 9 7 8 0.0127567 0.411542 0.812189 
0.9 9 8 9 0.210395 0.189795 0.563402 
0.9 9 9 10 0.721549 0.24308 0.992615 
1 0 0 1 0.369579 0.634938 0.709738 
1 0 1 2 0.702963 0.196478 0.831202 
1 0 2 3 0.927335 0.416639 0.333415 
1 0 3 4 0.415021 0.876736 0.356578 
1 0 4 5 0.156865 0.00234993 0.32136 
1 0 5 6 0.797754 0.789209 0.0639058 
1 0 6 7 0.15421 0.821772 0.344981 
1 0 7 8 0.395978 0.317118 0.620533 
1 0 8 9 0.359294 0.686514 0.136113 
1 0 9 10 0.567492 0.490982 0.645863 
1 1 0 1 0.416547 0.775018 0.0954314 
1 1 1 2 0.670949 0.141545 0.356944 
1 1 2 3 0.760155 0.510849 0.118168 
1 1 3 4 0.115116 0.39671 0.903653 
1 1 4 5 0.414045 0.868374 0.983489 
1 1 5 6 0.652303 0.929106 0.142521 
1 1 6 7 0.552324 0.109012 0.945799 
1 1 7 8 0.441298 0.513077 0.536363 
1 1 8 9 0.00143437 0.814997 0.909879 
1 1 9 10 0.31428 0.926847 0.94763 
1 2 0 1 0.702628 0.461348 0.394269 
1 2 1 2 0.479965 0.667989 0.439405 
1 2 2 3 0.819422 0.787683 0.0128178 
1 2 3 4 0.710044 0.960234 0.933409 
1 2 4 5 0.294595 0.0118412 0.0569475 
1 2 5 6 0.0113224 0.741966 0.827082 
1 2 6 7 0.857143 0.603137 0.569689 
1 2 7 8 0.00650044 0.368511 0.564043 
1 2 8 9 0.381298 0.0213019 0.684957 
1 2 9 10 0.857601 0.253395 0.810541 
1 3 0 1 0.727836 0.658071 0.595538 
1 3 1 2 0.693106 0.247383 0.439283 
1 3 2 3 0.378887 0.313059 0.927641 
1 3 3 4 0.26841 0.828303 0.086642 
1 3 4 5 0.938505 0.0235298 0.170415 
1 3 5 6 0.120212 0.778893 0.754021 
1 3 6 7 0.53267 0.0674154 0.754631 
1 3 7 8 0.901975 0.586169 0.894894 
1 3 8 9 0.934904 0.603839 0.0265206 
1 3 9 10 0.0244148 0.930906 0.791101 
1 4 0 1 0.486373 0.821528 0.340587 
1 4 1 2 0.307932 0.973174 0.89758 
1 4 2 3 0.203101 0.766015 0.426191 
1 4 3 4 0.19602 0.306803 0.353557 
1 4 4 5 0.486587 0.329966 0.694449 
1 4 5 6 0.318888 0.0737022 0.14066 
1 4 6 7 0.209418 0.346171 0.862178 
1 4 7 8 0.945433 0.426984 0.54265 
1 4 8 9 0.252876 0.44377 0.813562 
1 4 9 10 0.255745 0.931974 0.750542 
1 5 0 1 0.458724 0.439436 0.611469 
1 5 1 2 0.524674 0.222877 0.787652 
1 5 2 3 0.0452284 0.662374 0.645039 
1 5 3 4 0.354381 0.914182 0.523576 
1 5 4 5 0.453749 0.878811 0.674001 
1 5 5 6 0.160405 0.0255745 0.534043 
1 5 6 7 0.960356 0.516251 0.63448 
1 5 7 8 0.318827 0.643361 0.0642415 
1 5 8 9 0.835902 0.810114 0.127171 
1 5 9 10 0.854091 0.829554 0.496078 
1 6 0 1 0.986999 0.435743 0.144169 
1 6 1 2 0.40788 0.537614 0.628803 
1 6 2 3 0.488754 0.268777 0.427778 
1 6 3 4 0.606372 0.112918 0.880001 
1 6 4 5 0.853236 0.262215 0.521531 
1 6 5 6 0.961119 0.483047 0.329661 
1 6 6 7 0.885861 0.164892 0.692312 
1 6 7 8 0.221381 0.996216 0.484207 
1 6 8 9 0.195257 0.0584735 0.0992767 
1 6 9 10 0.770531 0.67272 0.858058 
1 7 0 1 0.463973 0.582415 0.487259 
1 7 1 2 0.347331 0.0192267 0.0828578 
1 7 2 3 0.079989 0.373821 0.908414 
1 7 3 4 0.20426 0.142918 0.379772 
1 7 4 5 0.302866 0.799585 0.160192 
1 7 5 6 0.909848 0.319498 0.998688 
1 7 6 7 0.412519 0.620746 0.385296 
1 7 7 8 0.488479 0.0379345 0.76165 
1 7 8 9 0.892972 0.93585 0.243263 
1 7 9 10 0.59389 0.491317 0.27131 
1 8 0 1 0.259346 0.719077 0.854366 
1 8 1 2 0.0535295 0.134678 0.783929 
1 8 2 3 0.272164 0.63216 0.960051 
1 8 3 4 0.531053 0.908414 0.328227 
1 8 4 5 0.61916 0.663961 0.0671102 
1 8 5 6 0.351207 0.65804 0.495437 
1 8 6 7 0.313211 0.670919 0.367443 
1 8 7 8 0.847835 0.790307 0.563219 
1 8 8 9 0.671834 0.173925 0.579394 
1 8 9 10 0.0484329 0.918943 0.367504 
1 9 0 1 0.442427 0.94113 0.163213 
1 9 1 2 0.231819 0.794366 0.729575 
1 9 2 3 0.0373852 0.0753502 0.247414 
1 9 3 4 0.00469985 0.805475 0.402905 
1 9 4 5 0.57152 0.656026 0.691244 
1 9 5 6 0.171545 0.414228 0.554155 
1 9 6 7 0.0760216 0.579333 0.6245 
1 9 7 8 0.938536 0.659078 0.85638 
1 9 8 9 0.523484 0.228614 0.174749 
1 9 9 10 0.0263375 0.96643 0.478072 
